4294967294,50
4294967278,68
4294967278,66
4294967278,65
4294967278,59
4294967278,53
4294967279,68
4294967279,67
4294967279,66
4294967279,60
4294967279,58
4294967279,23
4294967279,18
13,4
4294967294,30
4294967294,115
4294967294,51
4294967294,165
4294967294,119
4294967294,476
4294967294,981
4294967294,92
4294967294,88
4294967294,10
4294967294,989
4294967294,985
4294967294,982
4294967294,976
4294967294,975
4294967294,966
4294967294,965
4294967294,963
4294967294,960
4294967294,920
4294967294,918
4294967294,916
4294967294,912
4294967294,908
4294967294,906
4294967294,401
4294967294,190
4294967294,81
4294967294,478
4294967294,984
4294967294,983
4294967294,11
4294967294,1391
4294967294,979
4294967294,22
4294967294,17
4294967294,42
4294967294,67
4294967294,99
4294967294,76
4294967294,41
4294967294,120
4294967294,43
4294967294,52
4294967294,438
4294967294,14
4294967294,20
4294967294,13
4294967294,394
4294967294,24
4294967294,127
4294967294,126
4294967294,18
4294967294,12
4294967294,104
4294967294,106
4294967294,25
4294967294,26
4294967294,82
4294967294,83
4294967294,68
4294967293,131
4294967293,130
4294967293,129
4294967293,128
4294967293,127
4294967293,126
4294967293,125
4294967293,124
4294967293,123
4294967293,122
4294967293,121
4294967293,120
4294967293,119
4294967293,118
4294967293,117
4294967293,116
4294967293,115
4294967293,114
4294967293,113
4294967293,112
4294967293,111
4294967293,110
4294967293,109
4294967293,108
4294967293,107
4294967293,106
4294967293,105
4294967293,104
4294967293,103
4294967293,102
4294967293,101
4294967293,100
4294967293,99
4294967293,98
4294967293,97
4294967293,96
4294967293,95
4294967293,94
4294967293,93
4294967293,92
4294967293,91
4294967293,90
4294967293,89
4294967293,87
4294967293,86
4294967293,85
4294967293,84
4294967293,83
4294967293,82
4294967293,81
4294967293,80
4294967293,79
4294967293,78
4294967293,77
4294967293,76
4294967293,75
4294967293,74
4294967293,73
4294967293,72
4294967293,71
4294967293,70
4294967293,69
4294967293,68
4294967293,67
4294967293,66
4294967293,65
4294967293,64
4294967293,63
4294967293,62
4294967293,61
4294967293,60
4294967293,59
4294967293,58
4294967293,57
4294967293,56
4294967293,55
4294967293,54
4294967293,53
4294967293,52
4294967293,51
4294967293,50
4294967293,49
4294967293,48
4294967293,47
4294967293,46
4294967293,45
4294967293,44
4294967293,43
4294967293,42
4294967293,41
4294967293,40
4294967293,39
4294967293,38
4294967293,37
4294967293,36
4294967293,35
4294967293,34
4294967293,33
4294967293,32
4294967293,31
4294967293,30
4294967293,29
4294967293,28
4294967293,27
4294967293,26
4294967293,25
4294967293,24
4294967293,23
4294967293,22
4294967293,21
4294967293,20
4294967293,19
4294967293,18
4294967293,17
4294967293,16
4294967293,15
4294967293,14
4294967293,13
4294967293,12
4294967293,11
4294967293,10
4294967293,9
4294967293,8
4294967293,7
4294967293,6
4294967293,5
4294967293,4
4294967293,3
4294967278,566
4294967278,562
4294967278,125
4294967278,559
4294967278,122
4294967278,115
4294967278,231
4294967278,110
4294967278,229
4294967278,109
4294967278,104
4294967278,103
4294967278,102
4294967278,101
4294967278,555
4294967278,100
4294967278,554
4294967278,99
4294967278,553
4294967278,98
4294967278,552
4294967278,97
4294967278,335
4294967278,96
4294967278,334
4294967278,95
4294967278,549
4294967278,94
4294967278,93
4294967278,92
4294967278,545
4294967278,90
4294967278,544
4294967278,89
4294967278,87
4294967278,540
4294967278,84
4294967278,533
4294967278,78
4294967278,333
4294967278,338
4294967278,522
4294967278,67
4294967278,64
4294967278,63
4294967278,62
4294967278,61
4294967278,60
4294967278,332
4294967278,57
4294967278,56
4294967278,54
4294967278,317
4294967278,52
4294967278,51
4294967278,50
4294967278,49
4294967278,312
4294967278,48
4294967278,47
4294967278,46
4294967278,45
4294967278,44
4294967278,307
4294967278,43
4294967278,42
4294967278,41
4294967278,40
4294967278,39
4294967278,38
4294967278,37
4294967278,36
4294967278,35
4294967278,34
4294967278,33
4294967278,32
4294967278,31
4294967278,30
4294967278,29
4294967278,28
4294967278,331
4294967278,27
4294967278,26
4294967278,337
4294967278,174
4294967278,88
4294967278,260
4294967279,399
4294967279,398
4294967279,390
4294967279,397
4294967279,79
4294967279,345
4294967279,64
4294967279,63
4294967279,329
4294967279,62
4294967279,61
4294967279,326
4294967279,59
4294967279,396
4294967279,57
4294967279,56
4294967279,321
4294967279,54
4294967279,320
4294967279,53
4294967279,319
4294967279,52
4294967279,394
4294967279,316
4294967279,49
4294967279,315
4294967279,48
4294967279,314
4294967279,47
4294967279,312
4294967279,44
4294967279,311
4294967279,43
4294967279,381
4294967279,302
4294967279,38
4294967279,301
4294967279,37
4294967279,307
4294967279,33
4294967279,299
4294967279,32
4294967279,393
4294967279,296
4294967279,28
4294967279,295
4294967279,27
4294967279,346
4294967279,174
4294967279,0
4294967279,22
4294967279,289
4294967279,20
4294967279,17
4294967279,287
4294967279,14
4294967279,12
4294967279,383
4294967279,8
4294967279,392
4294967279,7
4294967294,770
4294967294,1361
4294967294,425
4294967294,413
4294967294,967
4294967294,988
4294967294,1355
4294967294,434
4294967294,744
4294967294,743
4294967294,742
4294967294,741
4294967294,738
4294967294,737
4294967294,734
4294967294,733
4294967294,732
4294967294,730
4294967294,729
4294967294,728
4294967294,727
4294967294,726
4294967294,724
4294967294,723
4294967294,721
4294967294,717
4294967294,715
4294967294,714
4294967294,713
4294967294,712
4294967294,711
4294967294,709
4294967294,705
4294967294,704
4294967294,1594
4294967294,701
4294967294,409
4294967294,699
4294967294,155
4294967294,697
4294967294,696
4294967294,695
4294967294,692
4294967294,691
4294967294,186
4294967294,690
4294967294,686
4294967294,685
4294967294,683
4294967294,681
4294967294,680
4294967294,678
4294967294,674
4294967294,673
4294967294,464
4294967294,670
4294967294,668
4294967294,667
4294967294,666
4294967294,665
4294967294,660
4294967294,1219
4294967294,659
4294967294,654
4294967294,653
4294967294,652
4294967294,651
4294967294,650
4294967294,649
4294967294,648
4294967294,642
4294967294,640
4294967294,639
4294967294,638
4294967294,636
4294967294,407
4294967294,632
4294967294,955
4294967294,629
4294967294,451
4294967294,628
4294967294,627
4294967294,626
4294967294,621
4294967294,620
4294967294,618
4294967294,617
4294967294,616
4294967294,615
4294967294,611
4294967294,610
4294967294,608
4294967294,607
4294967294,604
4294967294,603
4294967294,602
4294967294,600
4294967294,599
4294967294,598
4294967294,597
4294967294,595
4294967294,594
4294967294,593
4294967294,0
4294967294,592
4294967294,157
4294967294,590
4294967294,147
4294967294,588
4294967294,587
4294967294,586
4294967294,585
4294967294,1218
4294967294,583
4294967294,581
4294967294,579
4294967294,578
4294967294,577
4294967294,576
4294967294,317
4294967294,316
4294967294,314
4294967294,310
4294967294,309
4294967294,306
4294967294,305
4294967294,303
4294967294,301
4294967294,300
4294967294,299
4294967294,296
4294967294,294
4294967294,293
4294967294,140
4294967294,289
4294967294,288
4294967294,287
4294967294,286
4294967294,285
4294967294,284
4294967294,281
4294967294,278
4294967294,276
4294967294,275
4294967294,274
4294967294,273
4294967294,271
4294967294,270
4294967294,266
4294967294,265
4294967294,264
4294967294,1220
4294967294,261
4294967294,260
4294967294,258
4294967294,138
4294967294,256
4294967294,253
4294967294,250
4294967294,249
4294967294,248
4294967294,137
4294967294,245
4294967294,243
4294967294,241
4294967294,1596
4294967294,236
4294967294,234
4294967294,232
4294967294,230
4294967294,229
4294967294,228
4294967294,225
4294967294,224
4294967294,223
4294967294,222
4294967294,131
4294967294,220
4294967294,218
4294967294,216
4294967294,215
4294967294,212
4294967294,210
4294967294,209
4294967294,208
4294967294,207
4294967294,206
4294967294,203
4294967294,201
4294967294,200
4294967294,199
4294967294,198
4294967294,197
4294967294,195
4294967294,192
4294967294,574
4294967294,572
4294967294,569
4294967294,564
4294967294,562
4294967294,560
4294967294,158
4294967294,558
4294967294,556
4294967294,555
4294967294,554
4294967294,553
4294967294,552
4294967294,132
4294967294,551
4294967294,575
4294967294,144
4294967294,550
4294967294,549
4294967294,143
4294967294,547
4294967294,136
4294967294,546
4294967294,156
1,0
4294967294,545
4294967294,544
4294967294,543
4294967294,154
4294967294,542
4294967294,128
4294967294,541
4294967294,142
4294967294,622
4294967294,148
4294967294,619
4294967294,139
4294967294,280
4294967294,279
4294967279,134
4294967279,288
4294967279,292
4294967294,1120
4294967294,926
4294967294,420
4294967294,1389
4294967294,499
4294967294,498
4294967294,497
4294967294,1356
4294967294,1093
4294967294,959
4294967294,1360
4294967294,441
4294967294,390
4294967294,493
4294967294,491
4294967294,1399
4294967294,1100
4294967294,486
4294967294,1537
4294967294,1579
4294967294,484
4294967294,1407
4294967294,1405
4294967294,911
4294967294,8
4294967294,482
4294967294,1404
4294967294,1378
4294967294,956
4294967294,481
4294967294,480
4294967294,454
4294967294,1362
4294967294,446
4294967294,1217
4294967294,1385
4294967294,1382
4294967294,181
4294967294,178
4294967294,1386
4294967294,1393
4294967294,398
4294967294,1383
4294967294,444
4294967294,539
4294967294,180
4294967294,169
4294967294,538
4294967294,188
4294967294,185
4294967294,183
4294967294,177
4294967294,1363
4294967294,973
4294967294,972
4294967294,974
4294967294,970
4294967294,370
4294967294,369
